10256384
10256384
10256384
10256384
10256384
10256384
10256384
10256384
10256384
10289152
10289152
10289152
10289152
10289152
10289152
10289152
10289152
10321920
10321920
10321920
10321920
10321920
10321920
10321920
10321920
10321920
10321920
10321920
10354688
10354688
10354688
10354688
10387456
10420224
10420224
10452992
10452992
10452992
10452992
10485760
10485760
10485760
10485760
10452992
10452992
10452992
10452992
10452992
10452992
10452992
10452992
10452992
10420224
10420224
10452992
10485760
10485760
10518528
10551296
10551296
10518528
10518528
10518528
10518528
10518528
10518528
10518528
10518528
10518528
10485760
10485760
10485760
10485760
10485760
10485760
10485760
10518528
10518528
10518528
10485760
10485760
10485760
10485760
10518528
10518528
10518528
10518528
10551296
10551296
10518528
10551296
10551296
10551296
10551296
10551296
10551296
10584064
10616832
10584064
10616832
10649600
10649600
10649600
10682368
10715136
10715136
10715136
10682368
10715136
10747904
10747904
10747904
10747904
10747904
10780672
10780672
10780672
10813440
10813440
10813440
10780672
10813440
10813440
10846208
10878976
10878976
10911744
10911744
10944512
10977280
10977280
10977280
11010048
11042816
11075584
11108352
11075584
11141120
11173888
11206656
11239424
11239424
11304960
9797632
9797632
9797632
9797632
9797632
9797632
9797632
9797632
9797632
9764864
9797632
9797632
9797632
9797632
9797632
9797632
9797632
9797632
9830400
9830400
9830400
9863168
9863168
9863168
9863168
9863168
9863168
9863168
9863168
9863168
9863168
9863168
9863168
9863168
9863168
9863168
9895936
9895936
9895936
9895936
9895936
9895936
9928704
9928704
9928704
9928704
9961472
9994240
10059776
10059776
10059776
10059776
10059776
10059776
10059776
10059776
10059776
10059776
10059776
10059776
10059776
10059776
10059776
10059776
10059776
10059776
10059776
10059776
10059776
10059776
10059776
10059776
10059776
10059776
10059776
10059776
10059776
10027008
10059776
10092544
10092544
10092544
10092544
10092544
10059776
10027008
9994240
9994240
9994240
9994240
9994240
9994240
13959168
13860864
13369344
12255232
11796480
11796480
11796480
14942208
14680064
18382848
18382848
18382848
18382848
18382848
18382848
18382848
18382848
18382848
18382848
18382848
18382848
18382848
18382848
18382848
18382848
18382848
18382848
18382848
18382848
18382848
18382848
18382848
18382848
18382848
18382848
18382848
18382848
18382848
18382848
18382848
18382848
18382848
18382848
18382848
18382848
18382848
18382848
18382848
18415616
18415616
18415616
18415616
18415616
18415616
18448384
18448384
18481152
18513920
18513920
18513920
18513920
18513920
18513920
18513920
18513920
18513920
18513920
18513920
18513920
18513920
18513920
18513920
18513920
18481152
18481152
18513920
18513920
18513920
18513920
18513920
18513920
18513920
18513920
18481152
18513920
18513920
18513920
18513920
18513920
18513920
18513920
18546688
18546688
18513920
18513920
18513920
18513920
18546688
18579456
18612224
18644992
18677760
18677760
18677760
18710528
18743296
18776064
18776064
18808832
18808832
18808832
18808832
18808832
18808832
18808832
18808832
18776064
18776064
18776064
18776064
18776064
18776064
18776064
18776064
18776064
18776064
18776064
18776064
18743296
18743296
18743296
18743296
18743296
18743296
18743296
18743296
18743296
18743296
18743296
18743296
18743296
18743296
18743296
18743296
18743296
18743296
18743296
18776064
18776064
18776064
18776064
18776064
18743296
18743296
18743296
18743296
18743296
18743296
18743296
18743296
18743296
18743296
18743296
18743296
18743296
18710528
18710528
18710528
18710528
18710528
18710528
18710528
18710528
18710528
18710528
18677760
18677760
18677760
18677760
18677760
18677760
18677760
18710528
18710528
18710528
18710528
18710528
18677760
18677760
18677760
18677760
18677760
18677760
18677760
18677760
18677760
18677760
18677760
18677760
18677760
18644992
18644992
18644992
18644992
18644992
18644992
18644992
18644992
18644992
18644992
18644992
18612224
18612224
18612224
18612224
18612224
18612224
18612224
18612224
18612224
18612224
18579456
18579456
18579456
18579456
18579456
18579456
18579456
18579456
18579456
18546688
18546688
18546688
18546688
18546688
18546688
18546688
18546688
18546688
18513920
18513920
18513920
18546688
18546688
18546688
18546688
18546688
18546688
18546688
18546688
18546688
18546688
18513920
18513920
18513920
18513920
18513920
18513920
18513920
18513920
18513920
18513920
18513920
18513920
18513920
12484608
12484608
12451840
12451840
12386304
16187392
16056320
16023552
15892480
15859712
15826944
15433728
15302656
15171584
19300352
19464192
19464192
19431424
19464192
19464192
19464192
19464192
19464192
19464192
19464192
19464192
19464192
19464192
19496960
19464192
19464192
19464192
19464192
19464192
19464192
19464192
19464192
19464192
19464192
19464192
19464192
19431424
19431424
19431424
19464192
19464192
19464192
19464192
19464192
19496960
19464192
19464192
19496960
19496960
19496960
19496960
19496960
19496960
19496960
19464192
19496960
19496960
19496960
19496960
19496960
19496960
19496960
19464192
19464192
19464192
19464192
19464192
19496960
19496960
19496960
19529728
19529728
19562496
19529728
19529728
19529728
19529728
19562496
19562496
19562496
19562496
19562496
19529728
19529728
19529728
19529728
19529728
19529728
19562496
19562496
19562496
19529728
19529728
19529728
19529728
19529728
19529728
19529728
19562496
19595264
19628032
19660800
19660800
19660800
19660800
19693568
19693568
19693568
19726336
19726336
19759104
19791872
19791872
19791872
19759104
19759104
19759104
19759104
19759104
19759104
19759104
19759104
19759104
19759104
19726336
19726336
19726336
19726336
19726336
19726336
19726336
19726336
19726336
19726336
19726336
19726336
19726336
19693568
19726336
19726336
19726336
19726336
19726336
19726336
19726336
19726336
19726336
19726336
19693568
19693568
19693568
19693568
19693568
19693568
19693568
19693568
19693568
19693568
19693568
19660800
19660800
19660800
19660800
19660800
19660800
19660800
19660800
19660800
19660800
19660800
19660800
19628032
19628032
19628032
19628032
19628032
19628032
19628032
19628032
19628032
19628032
19628032
19595264
19595264
19595264
19595264
19628032
19628032
19628032
19628032
19628032
19595264
19595264
19595264
19595264
19595264
19595264
19595264
19595264
19562496
19562496
19562496
19562496
19562496
19562496
19562496
19562496
19562496
19562496
19562496
19529728
19529728
19529728
19529728
19529728
19529728
19529728
19529728
19529728
19529728
19496960
19496960
19496960
19496960
19496960
19496960
19496960
19496960
19464192
19464192
19464192
19464192
19464192
19464192
19464192
19464192
19464192
19464192
19464192
19431424
19431424
19431424
19431424
19431424
19431424
19431424
19431424
19431424
19431424
19398656
19398656
19398656
19398656
19398656
19398656
19398656
19398656
19398656
19365888
19365888
19365888
19365888
19365888
19365888
19365888
19365888
19365888
19365888
19333120
19333120
19333120
19333120
19333120
19333120
19333120
19333120
19300352
19333120
19333120
19333120
19333120
19333120
19333120
19333120
19333120
19333120
19333120
19333120
19300352
19300352
19300352
19333120
19333120
19333120
19333120
19333120
19333120
19333120
19333120
19300352
19300352
19300352
19333120
19333120
19333120
19333120
19365888
19365888
19365888
19398656
19431424
19398656
19398656
19398656
19398656
19398656
19398656
19398656
19398656
19398656
19398656
19398656
19365888
19398656
19398656
19398656
19398656
19398656
19398656
19398656
19398656
19398656
19398656
19365888
19365888
19365888
19365888
19365888
19398656
19431424
19431424
19431424
19431424
19431424
19431424
19431424
19431424
19464192
19464192
19496960
19496960
19496960
19529728
19529728
19529728
19529728
19529728
19562496
19595264
19628032
19660800
19660800
19628032
19628032
19660800
19660800
19660800
19693568
19693568
19693568
19693568
19693568
19693568
19693568
19726336
19726336
19726336
19759104
19759104
19759104
19759104
19726336
19726336
19726336
19759104
19791872
19824640
19824640
19824640
19824640
19824640
19824640
19857408
19857408
19890176
19922944
19922944
19955712
19988480
19988480
19955712
19988480
20021248
20054016
20054016
20086784
20119552
20152320
20152320
20119552
20152320
20185088
20217856
20217856
20217856
20217856
20217856
20250624
20250624
20250624
20250624
20250624
20283392
20283392
20316160
20348928
20348928
20348928
20381696
20414464
20414464
20447232
20480000
20512768
20578304
20611072
20611072
20643840
20709376
20742144
20742144
20742144
20774912
20774912
20807680
20840448
20905984
20971520
21004288
21037056
21069824
21135360
21168128
21200896
21266432
21299200
21299200
21299200
21331968
21364736
21397504
21463040
21495808
21528576
21561344
21528576
21561344
21594112
21659648
21692416
21692416
21757952
21790720
21823488
21889024
21889024
21921792
21954560
21987328
22020096
22052864
22052864
22118400
22151168
22183936
22216704
22249472
22315008
22380544
22446080
22511616
22577152
22642688
22708224
22773760
