7488952
7498592
7510208
7518008
7529752
7537064
7544880
7551816
7558752
7570848
7578160
7585624
7592560
7599496
7606432
7613544
7620656
7627592
7634544
7641480
7648416
7655352
7662288
7669224
7676160
7683704
7690592
7697832
7705352
7712288
7719224
7726160
7733096
7740336
7747272
7754512
7761448
7768384
7775320
7782256
7789192
7796128
7803064
7810000
7816936
7823872
7831416
7838352
7845288
7852072
7859064
7866000
7872936
7879872
7886808
7893744
7900680
7907592
7914528
7921464
7928400
7935336
7942272
7949208
7956096
7963008
7969944
7976880
7983816
7990752
7997688
8004624
8012680
8019616
8027136
8034048
8041544
8048480
8055416
8062376
8069288
8077344
8084280
8091216
8098152
8105088
8112048
8118960
8125896
8132832
8140328
8147216
8154128
8161064
8168000
8174936
8181872
8188808
8195744
8202680
8210224
8217160
8224096
8231032
8237968
8244904
8251840
8258728
8265640
8272576
8279408
8286448
8293384
8300320
8307256
8314192
8321128
8328064
8335000
8341936
8348872
8355808
8362744
8369680
8376568
8383480
8390416
8398472
8405408
8412344
8419280
8426216
8433152
8440088
8447024
8453960
8460896
8467832
8474768
8481704
8488616
8495552
8502488
8509424
8516360
8523296
8530232
8537168
8544104
8551064
8557976
8564936
8574016
8580928
8587864
8594752
8601640
8608576
8615512
8622448
8630456
8637392
8644328
8651264
8658200
8665136
8672072
8679008
8685944
8692880
8699816
8706752
8713688
8720648
8729704
8736640
8743576
8750512
8757448
8764384
8771320
8778184
8785120
8792056
8798992
8807000
8813936
8820872
8827808
8834744
8841680
8848616
8855480
8862416
8869352
8876288
8883224
8890160
8897048
8905032
8911968
8918904
8925840
8932776
8939712
8946648
8953584
8960520
8967456
8974392
8981328
8988264
8995200
9002136
9009072
9016008
9022944
9029880
9036816
9043752
9050688
9057928
9064864
9071800
9078736
9085672
9092608
9099544
9106480
9113416
9120352
9127288
9134224
9141160
9148096
9155032
9164112
9171048
9177984
9184920
9191856
9198792
9205728
9212664
9219600
9226536
9233472
9240408
9247344
9254280
9261216
9268152
9275088
9282024
9288960
9295896
9302832
9309768
9316704
9323640
9330576
9599784
9617416
9643864
9670312
9573336
9635048
9697824
9652680
9399024
9421480
9590968
9371672
9392168
9385336
9414648
9364840
9378504
9337512
9432280
9449912
9405832
9661496
9441096
9493992
9520440
9467544
9502808
9538072
9529256
9729768
9546888
9564520
9460712
9358008
9608600
9681112
9476360
9487160
9351176
9749000
9555704
9344344
9582152
9736728
9755960
9715480
9706664
9626232
9511624
9762896
9769832
9777888
9784824
9791760
9798696
9805632
9812592
9819480
9826416
9833352
9840288
9847224
9854160
9861096
9868032
9874968
9881904
9888840
9895776
9902712
9909648
9916584
9923520
9930456
9937392
9944328
9951264
9958224
9965136
9972072
9979008
9985944
9992880
9999816
10010944
10017896
10024848
10031800
10038752
10045704
10052656
10059608
10066560
10073512
10080464
10087416
10094368
10101320
10108272
10115224
10122176
10129128
10136104
10143032
10149984
10156936
10163888
10170840
10179888
10186840
10193792
10200744
10207696
10214648
10221600
10228552
10235504
10242456
10249408
10256384
10263312
10270264
10277216
10284168
10291120
10617504
10624600
10737984
10762440
10907304
11287912
11599528
12005208
12307280
12609672
12859504
7186392
7468912
7604056
7773136
7885824
7956848
7980376
7987752
8133176
8500048
8606296
8696632
9142952
9447688
10013920
10200160
10319088
10538896
10546264
10659336
10675176
10910856
10943680
11113984
11126040
11133408
11321072
11393504
11767352
11897656
11962528
11969672
11977152
11984456
11992128
11999080
12006208
12013352
12020496
12027640
12034592
12041544
12048496
12055448
12062400
12069544
12076496
12083624
12091120
12098072
12105024
12111976
12118928
12125880
12132832
12139784
12146736
12153992
12161248
12168808
12175760
12183320
12190576
12197528
12204480
12211432
12218384
12225336
12232288
12239240
12246192
12253144
12260096
12267048
12274000
12281560
12288512
12295464
12302416
12309544
12316496
12323448
12330592
12337720
12344672
12351624
12358576
12365528
12372480
12379432
12386384
12393336
12400288
12407240
12414192
12421144
12428096
12435048
12442000
12448952
12455904
12463976
12471664
